TILEMAP
100 100 							-- Size of tile map in tiles
16 16 							-- Tile size & block size
images/blocks.png 	-- Tilesheet
2 2 								-- Number of tiles in tilesheet
-1 -1 -1 -1 -1 -1 -1 -1 -1 -1 -1 -1 -1 -1 -1 -1 -1 -1 -1 -1 -1 -1 -1 -1 -1 -1 -1 -1 -1 -1 -1 -1 -1 -1 -1 -1 -1 -1 -1 -1 -1 -1 -1 -1 -1 -1 -1 -1 -1 -1 -1 -1 -1 -1 -1 -1 -1 -1 -1 -1 -1 -1 -1 -1 -1 -1 -1 -1 -1 -1 -1 -1 -1 -1 -1 -1 -1 -1 -1 -1 -1 -1 -1 -1 -1 -1 -1 -1 -1 -1 -1 -1 -1 -1 -1 -1 -1 -1 -1 -1
-1 -1 -1 -1 -1 -1 -1 -1 -1 -1 -1 -1 -1 -1 -1 -1 -1 -1 -1 -1 -1 -1 -1 -1 -1 -1 -1 -1 -1 -1 -1 -1 -1 -1 -1 -1 -1 -1 -1 -1 -1 -1 -1 -1 -1 -1 -1 -1 -1 -1 -1 -1 -1 -1 -1 -1 -1 -1 -1 -1 -1 -1 -1 -1 -1 -1 -1 -1 -1 -1 -1 -1 -1 -1 -1 -1 -1 -1 -1 -1 -1 -1 -1 -1 -1 -1 -1 -1 -1 -1 -1 -1 -1 -1 -1 -1 -1 -1 -1 -1
-1 -1 -1 -1 -1 -1 -1 -1 -1 -1 -1 -1 -1 -1 -1 -1 -1 -1 -1 -1 -1 -1 -1 -1 -1 -1 -1 -1 -1 -1 -1 -1 -1 -1 -1 -1 -1 -1 -1 -1 -1 -1 -1 -1 -1 -1 -1 -1 -1 -1 -1 -1 -1 -1 -1 -1 -1 -1 -1 -1 -1 -1 -1 -1 -1 -1 -1 -1 -1 -1 -1 -1 -1 -1 -1 -1 -1 -1 -1 -1 -1 -1 -1 -1 -1 -1 -1 -1 -1 -1 -1 -1 -1 -1 -1 -1 -1 -1 -1 -1
-1 -1 -1 -1 -1 -1 -1 -1 -1 -1 -1 -1 -1 -1 -1 -1 -1 -1 -1 -1 -1 -1 -1 -1 -1 -1 -1 -1 -1 -1 -1 -1 -1 -1 -1 -1 -1 -1 -1 -1 -1 -1 -1 -1 -1 -1 -1 -1 -1 -1 -1 -1 -1 -1 -1 -1 -1 -1 -1 -1 -1 -1 -1 -1 -1 -1 -1 -1 -1 -1 -1 -1 -1 -1 -1 -1 -1 -1 -1 -1 -1 -1 -1 -1 -1 -1 -1 -1 -1 -1 -1 -1 -1 -1 -1 -1 -1 -1 -1 -1
-1 -1 -1 -1 -1 -1 -1 -1 -1 -1 -1 -1 -1 -1 -1 -1 -1 -1 -1 -1 -1 -1 -1 -1 -1 -1 -1 -1 -1 -1 -1 -1 -1 -1 -1 -1 -1 -1 -1 -1 -1 -1 -1 -1 -1 -1 -1 -1 -1 -1 -1 -1 -1 -1 -1 -1 -1 -1 -1 -1 -1 -1 -1 -1 -1 -1 -1 -1 -1 -1 -1 -1 -1 -1 -1 -1 -1 -1 -1 -1 -1 -1 -1 -1 -1 -1 -1 -1 -1 -1 -1 -1 -1 -1 -1 -1 -1 -1 -1 -1
-1 -1 -1 -1 -1 -1 -1 -1 -1 -1 -1 -1 -1 -1 -1 -1 -1 -1 -1 -1 -1 -1 -1 -1 -1 -1 -1 -1 -1 -1 -1 -1 -1 -1 -1 -1 -1 -1 -1 -1 -1 -1 -1 -1 -1 -1 -1 -1 -1 -1 -1 -1 -1 -1 -1 -1 -1 -1 -1 -1 -1 -1 -1 -1 -1 -1 -1 -1 -1 -1 -1 -1 -1 -1 -1 -1 -1 -1 -1 -1 -1 -1 -1 -1 -1 -1 -1 -1 -1 -1 -1 -1 -1 -1 -1 -1 -1 -1 -1 -1
-1 -1 -1 -1 -1 -1 -1 -1 -1 -1 -1 -1 -1 -1 -1 -1 -1 -1 -1 -1 -1 -1 -1 -1 -1 -1 -1 -1 -1 -1 -1 -1 -1 -1 -1 -1 -1 -1 -1 -1 -1 -1 -1 -1 -1 -1 -1 -1 -1 -1 -1 -1 -1 -1 -1 -1 -1 -1 -1 -1 -1 -1 -1 -1 -1 -1 -1 -1 -1 -1 -1 -1 -1 -1 -1 -1 -1 -1 -1 -1 -1 -1 -1 -1 -1 -1 -1 -1 -1 -1 -1 -1 -1 -1 -1 -1 -1 -1 -1 -1
-1 -1 -1 -1 -1 -1 -1 -1 -1 -1 -1 -1 -1 -1 -1 -1 -1 -1 -1 -1 -1 -1 -1 -1 -1 -1 -1 -1 -1 -1 -1 -1 -1 -1 -1 -1 -1 -1 -1 -1 -1 -1 -1 -1 -1 -1 -1 -1 -1 -1 -1 -1 -1 -1 -1 -1 -1 -1 -1 -1 -1 -1 -1 -1 -1 -1 -1 -1 -1 -1 -1 -1 -1 -1 -1 -1 -1 -1 -1 -1 -1 -1 -1 -1 -1 -1 -1 -1 -1 -1 -1 -1 -1 -1 -1 -1 -1 -1 -1 -1
-1 -1 -1 -1 -1 -1 -1 -1 -1 -1 -1 -1 -1 -1 -1 -1 -1 -1 -1 -1 -1 -1 -1 -1 -1 -1 -1 -1 -1 -1 -1 -1 -1 -1 -1 -1 -1 -1 -1 -1 -1 -1 -1 -1 -1 -1 -1 -1 -1 -1 -1 -1 -1 -1 -1 -1 -1 -1 -1 -1 -1 -1 -1 -1 -1 -1 -1 -1 -1 -1 -1 -1 -1 -1 -1 -1 -1 -1 -1 -1 -1 -1 -1 -1 -1 -1 -1 -1 -1 -1 -1 -1 -1 -1 -1 -1 -1 -1 -1 -1
-1 -1 -1 -1 -1 -1 -1 -1 -1 -1 -1 -1 -1 -1 -1 -1 -1 -1 -1 -1 -1 -1 -1 -1 -1 -1 -1 -1 -1 -1 -1 -1 -1 -1 -1 -1 -1 -1 -1 -1 -1 -1 -1 -1 -1 -1 -1 -1 -1 -1 -1 -1 -1 -1 -1 -1 -1 -1 -1 -1 -1 -1 -1 -1 -1 -1 -1 -1 -1 -1 -1 -1 -1 -1 -1 -1 -1 -1 -1 -1 -1 -1 -1 -1 -1 -1 -1 -1 -1 -1 -1 -1 -1 -1 -1 -1 -1 -1 -1 -1
-1 -1 -1 -1 -1 -1 -1 -1 -1 -1 -1 -1 -1 -1 -1 -1 -1 -1 -1 -1 -1 -1 -1 -1 -1 -1 -1 -1 -1 -1 -1 -1 -1 -1 -1 -1 -1 -1 -1 -1 -1 -1 -1 -1 -1 -1 -1 -1 -1 -1 -1 -1 -1 -1 -1 -1 -1 -1 -1 -1 -1 -1 -1 -1 -1 -1 -1 -1 -1 -1 -1 -1 -1 -1 -1 -1 -1 -1 -1 -1 -1 -1 -1 -1 -1 -1 -1 -1 -1 -1 -1 -1 -1 -1 -1 -1 -1 -1 -1 -1
-1 -1 -1 -1 -1 -1 -1 -1 -1 -1 -1 -1 -1 -1 -1 -1 -1 -1 -1 -1 -1 -1 -1 -1 -1 -1 -1 -1 -1 -1 -1 -1 -1 -1 -1 -1 -1 -1 -1 -1 -1 -1 -1 -1 -1 -1 -1 -1 -1 -1 -1 -1 -1 -1 -1 -1 -1 -1 -1 -1 -1 -1 -1 -1 -1 -1 -1 -1 -1 -1 -1 -1 -1 -1 -1 -1 -1 -1 -1 -1 -1 -1 -1 -1 -1 -1 -1 -1 -1 -1 -1 -1 -1 -1 -1 -1 -1 -1 -1 -1
-1 -1 -1 -1 -1 -1 -1 -1 -1 -1 -1 -1 -1 -1 -1 -1 -1 -1 -1 -1 -1 -1 -1 -1 -1 -1 -1 -1 -1 -1 -1 -1 -1 -1 -1 -1 -1 -1 -1 -1 -1 -1 -1 -1 -1 -1 -1 -1 -1 -1 -1 -1 -1 -1 -1 -1 -1 -1 -1 -1 -1 -1 -1 -1 -1 -1 -1 -1 -1 -1 -1 -1 -1 -1 -1 -1 -1 -1 -1 -1 -1 -1 -1 -1 -1 -1 -1 -1 -1 -1 294 90 90 121 105 -1 -1 -1 -1 -1
-1 -1 -1 -1 -1 -1 -1 -1 -1 -1 -1 -1 -1 -1 -1 -1 -1 -1 -1 -1 -1 -1 -1 -1 -1 -1 -1 -1 -1 -1 -1 -1 -1 -1 -1 -1 -1 -1 -1 -1 -1 -1 -1 -1 -1 -1 311 311 -1 -1 -1 -1 -1 -1 -1 -1 -1 -1 -1 -1 -1 -1 -1 -1 -1 -1 -1 -1 -1 -1 -1 -1 -1 -1 -1 -1 -1 90 294 121 311 -1 -1 -1 -1 -1 -1 -1 -1 311 105 311 105 105 107 311 311 105 121 105
-1 -1 -1 -1 -1 -1 -1 -1 -1 -1 -1 -1 -1 -1 -1 -1 -1 -1 -1 -1 -1 -1 -1 -1 -1 -1 -1 -1 -1 -1 -1 -1 -1 -1 -1 -1 -1 -1 -1 -1 -1 -1 -1 -1 -1 -1 105 105 311 121 311 -1 -1 -1 -1 -1 -1 -1 -1 -1 -1 311 105 121 294 90 107 -1 -1 -1 294 90 -1 -1 -1 -1 -1 294 294 311 311 311 105 121 105 107 105 294 105 90 107 121 107 90 311 105 107 90 294 294
-1 -1 -1 -1 -1 -1 -1 -1 -1 -1 -1 -1 -1 -1 -1 -1 -1 -1 -1 -1 -1 -1 -1 -1 -1 -1 -1 -1 -1 -1 -1 -1 -1 -1 -1 -1 -1 -1 -1 -1 -1 -1 -1 -1 -1 107 311 294 105 90 121 294 -1 -1 -1 -1 -1 -1 -1 -1 -1 121 90 107 105 90 294 121 311 -1 90 105 121 90 105 90 121 311 294 90 105 107 90 294 107 107 90 107 107 294 121 105 90 105 121 107 121 121 107 121
-1 -1 -1 -1 -1 -1 -1 -1 -1 -1 -1 -1 -1 -1 -1 -1 -1 -1 -1 -1 -1 -1 -1 -1 -1 -1 -1 -1 -1 -1 -1 -1 -1 -1 -1 -1 -1 -1 -1 -1 -1 -1 294 105 107 121 105 294 107 294 105 107 107 294 105 121 294 107 -1 -1 -1 294 90 294 311 90 90 105 105 121 121 121 90 105 105 107 294 294 105 105 121 107 105 90 105 90 105 121 294 294 105 90 311 121 107 294 294 121 121 311
-1 -1 -1 -1 -1 -1 -1 -1 -1 -1 -1 107 107 105 -1 -1 -1 -1 -1 -1 -1 -1 -1 -1 90 294 105 -1 -1 -1 -1 -1 -1 -1 -1 -1 -1 294 90 90 105 311 311 90 105 311 105 294 121 107 294 311 294 311 294 90 90 294 294 105 311 311 311 294 311 90 107 121 121 107 294 107 90 121 105 90 311 90 311 121 294 107 90 311 105 107 311 121 311 105 105 311 105 90 121 107 107 105 107 90
-1 -1 -1 -1 90 105 -1 -1 -1 -1 90 90 311 311 -1 294 311 107 -1 -1 -1 -1 -1 -1 121 311 90 -1 -1 -1 -1 -1 -1 90 105 294 294 107 90 105 294 294 107 311 107 121 294 121 121 105 107 90 107 294 311 311 105 311 107 294 311 107 121 107 294 105 105 90 121 90 311 294 107 294 311 107 294 311 90 311 311 107 90 90 121 105 121 90 90 294 90 294 311 311 294 294 311 90 105 105
-1 -1 90 311 294 107 311 107 121 311 311 90 121 294 107 107 121 294 121 311 294 -1 121 121 105 90 105 90 -1 -1 -1 -1 -1 105 311 105 294 121 105 121 294 107 294 121 311 121 105 121 311 294 107 311 107 90 121 90 311 107 311 105 107 121 311 90 311 294 105 294 107 90 105 121 294 311 294 90 294 121 105 90 311 121 107 105 311 294 121 105 90 107 90 294 107 294 121 311 105 294 294 90
121 90 107 107 121 107 121 105 105 294 121 121 311 105 121 294 311 105 311 107 107 107 311 294 105 107 311 121 294 105 107 294 311 121 105 90 121 107 105 105 121 121 294 121 121 311 105 105 90 90 294 294 294 105 294 121 107 294 294 311 294 90 311 311 311 294 90 121 107 311 105 311 294 107 311 105 105 294 121 121 121 121 107 121 90 90 107 294 107 311 294 294 90 121 90 311 294 311 107 105
311 105 105 121 121 121 90 294 107 105 90 90 121 105 105 294 90 90 107 311 294 107 107 90 121 311 311 90 90 311 90 105 105 311 294 121 294 90 90 121 105 105 121 121 90 107 121 107 121 294 90 294 107 107 121 107 121 311 105 311 121 107 105 311 311 121 105 294 311 90 107 121 107 107 311 107 294 311 121 121 294 121 121 311 294 311 294 107 121 294 311 294 107 107 105 121 107 105 121 105
90 311 90 311 105 90 107 90 105 121 294 311 105 121 311 107 121 90 105 294 311 105 90 294 107 105 294 294 105 311 107 107 294 121 121 107 107 294 121 311 294 105 311 294 121 105 311 107 105 107 311 121 311 105 90 90 121 311 294 121 311 105 90 294 311 294 90 90 90 311 90 311 121 107 107 121 311 311 121 90 311 90 121 105 311 90 294 311 107 107 311 311 311 107 107 105 294 121 311 294
105 105 311 107 294 90 121 90 311 294 294 121 105 121 90 294 107 90 294 294 105 294 105 311 90 311 90 294 105 294 90 90 121 311 121 107 105 311 294 105 311 121 107 105 105 90 105 105 121 105 107 294 311 294 294 107 311 107 311 90 311 105 107 311 311 90 90 90 105 107 121 294 90 294 90 311 121 90 107 107 294 121 294 107 107 105 311 107 311 105 105 121 90 121 105 294 90 90 107 121
107 107 107 311 311 294 105 294 121 294 90 294 107 90 107 90 121 121 311 121 107 107 121 107 90 311 311 121 105 90 294 107 90 105 107 121 294 121 121 107 311 294 107 90 107 105 107 90 107 121 294 311 90 105 90 90 107 90 294 105 90 105 294 107 90 311 105 90 294 90 107 105 107 105 294 121 121 90 294 90 311 294 121 311 121 294 294 121 107 294 311 294 90 121 294 90 105 294 121 294
294 90 121 90 121 105 107 105 90 294 294 90 311 105 90 105 311 121 294 294 105 107 107 121 294 105 105 90 90 105 311 294 121 105 121 294 294 90 107 311 105 294 311 90 294 311 90 107 90 294 121 90 105 121 90 121 294 121 294 311 294 121 311 311 294 90 107 105 107 121 311 90 90 90 311 105 294 90 294 311 311 121 105 121 107 121 105 121 105 294 294 105 105 90 105 107 105 294 90 121
294 90 311 107 294 121 311 294 121 107 90 121 294 107 105 105 90 107 107 90 105 90 311 311 121 105 121 294 105 311 311 107 90 311 107 107 90 121 107 90 121 90 105 121 294 311 121 107 107 90 121 107 90 90 121 121 121 294 90 90 90 121 121 294 105 90 121 90 105 107 121 294 105 294 311 105 311 294 107 107 311 294 311 311 294 105 105 121 121 311 107 294 105 294 105 107 90 121 121 107
105 90 105 121 90 121 105 105 90 107 121 311 105 90 121 121 90 311 121 311 107 90 105 105 121 311 311 107 90 311 311 105 294 107 90 105 90 107 311 294 121 107 107 105 294 311 311 105 90 90 311 294 90 294 107 311 311 90 105 90 90 107 107 105 294 105 90 105 90 107 107 90 121 294 121 107 311 311 107 107 294 294 107 311 311 121 294 121 121 121 105 121 90 105 90 107 121 105 90 311
90 311 105 121 294 107 121 121 107 107 90 105 294 107 294 90 107 294 294 311 311 90 107 105 294 90 105 294 294 311 311 311 294 107 107 294 105 294 311 105 294 121 311 105 294 90 90 107 121 121 294 121 311 90 105 121 90 311 90 311 90 121 105 107 90 294 107 105 105 121 90 107 105 121 90 90 311 294 105 105 311 107 107 90 294 90 121 121 121 105 311 121 90 107 311 121 105 294 121 90
294 90 90 121 311 121 311 105 121 294 90 107 107 90 311 107 294 121 311 107 105 294 294 105 294 311 294 105 121 90 107 311 311 121 121 90 121 121 105 90 294 107 105 105 105 121 294 105 294 105 105 105 294 105 294 105 105 311 311 311 294 294 107 294 90 294 294 294 121 311 121 107 90 105 90 294 121 311 105 311 107 294 90 90 90 121 311 105 294 121 90 90 311 107 105 105 311 105 294 107
294 90 311 121 294 90 311 90 311 90 121 121 311 121 294 105 121 107 107 107 311 105 294 90 107 311 294 107 121 121 311 105 90 294 311 121 105 107 294 311 311 90 105 294 121 294 105 311 294 90 105 90 121 107 107 311 105 121 90 121 105 90 311 105 311 107 311 311 311 294 121 311 121 90 121 294 121 311 107 121 107 90 90 107 105 90 311 294 121 121 105 311 311 294 121 311 105 105 311 121
90 90 105 90 105 121 90 121 121 294 311 311 294 90 311 105 105 311 121 105 311 294 311 105 90 311 107 90 90 121 121 311 294 90 107 311 294 107 311 90 121 294 311 107 107 107 107 294 121 107 90 105 294 107 107 90 294 90 90 105 90 311 311 105 121 105 90 105 311 107 311 121 90 121 105 294 294 105 107 121 107 107 90 105 90 311 90 90 107 311 294 311 294 311 90 90 294 121 294 90
121 294 121 105 90 105 107 107 311 90 107 311 107 90 107 294 105 105 90 121 90 121 294 311 311 105 294 105 107 311 90 294 121 90 311 294 121 105 90 107 121 294 107 90 294 294 105 311 311 294 311 107 107 90 90 105 107 105 121 294 107 294 121 90 105 107 121 121 294 90 105 90 294 294 294 311 90 90 294 121 90 294 294 294 121 294 294 105 107 105 121 107 105 90 294 311 311 105 90 105
90 121 105 90 105 90 294 294 294 90 107 107 311 311 107 107 107 311 311 311 107 90 121 107 107 90 90 294 294 294 311 107 107 90 311 107 107 105 90 121 107 311 107 90 107 107 121 90 105 107 294 90 311 311 311 121 121 121 294 105 311 107 107 107 121 294 90 107 121 294 107 105 294 90 90 90 90 294 90 107 311 121 294 105 105 105 311 121 121 105 294 121 294 294 90 121 105 294 294 90
121 121 90 294 311 121 107 90 121 294 90 105 294 105 107 90 90 105 105 294 311 105 311 90 105 90 107 311 311 311 294 107 311 311 311 311 121 90 121 107 105 107 294 90 90 105 294 105 90 294 294 294 105 107 105 107 294 294 107 121 105 294 90 311 121 107 107 105 294 121 107 107 105 311 311 90 311 121 107 294 90 105 311 90 311 311 90 311 311 311 311 105 107 105 107 90 107 90 105 105
311 105 311 107 107 105 107 105 107 107 105 311 121 105 107 294 105 311 105 121 105 105 107 294 105 107 107 107 90 311 121 107 107 90 105 107 294 121 311 121 311 311 121 105 121 105 107 90 105 90 90 294 90 107 121 105 294 121 121 107 90 294 121 107 90 90 121 90 105 107 311 294 107 121 121 121 105 107 121 294 294 121 121 107 105 90 107 105 90 107 90 105 107 311 105 105 121 90 294 107
121 107 294 90 294 107 294 107 294 311 311 311 90 90 121 294 121 311 107 311 294 311 294 107 107 294 311 90 121 294 121 90 107 294 107 90 294 107 121 107 107 294 90 294 90 105 90 311 294 107 294 107 311 105 105 105 311 107 90 90 107 105 121 121 311 107 311 294 90 90 294 311 107 294 105 121 90 105 311 105 294 121 90 107 121 107 121 105 105 105 90 107 121 121 107 105 311 107 105 121
121 90 121 294 294 121 105 121 105 90 105 311 311 121 105 107 107 121 90 311 105 294 311 107 294 107 294 121 121 105 121 121 90 107 105 294 121 107 107 105 294 311 121 90 294 105 294 294 90 121 294 107 311 107 294 294 294 105 121 121 90 311 90 90 311 294 107 294 121 121 105 107 90 90 121 105 294 105 121 90 311 311 121 294 90 90 107 294 107 121 105 105 105 105 294 90 311 121 311 105
107 294 294 105 107 294 105 105 105 105 121 294 311 107 90 294 121 311 294 90 107 294 311 294 90 90 90 105 311 294 107 105 105 121 294 294 90 121 121 121 311 121 105 294 107 90 294 311 121 311 294 105 121 294 90 90 311 105 105 311 294 311 105 311 105 121 294 294 121 105 121 121 105 105 90 107 90 105 107 311 121 294 311 107 107 121 90 121 90 121 311 121 107 294 90 294 311 107 90 121
121 107 294 311 105 121 107 90 105 107 107 311 105 90 90 294 294 311 294 90 121 121 105 90 107 294 107 105 105 105 294 121 294 311 121 311 311 90 121 311 294 294 107 107 121 311 105 121 121 121 121 311 294 90 121 121 311 294 105 311 121 107 105 294 294 294 105 311 121 105 311 105 105 311 107 311 294 107 90 105 105 311 294 311 90 121 121 105 107 121 121 105 105 311 311 121 90 107 311 90
121 121 311 107 90 90 294 105 90 121 90 311 294 294 90 105 294 311 311 121 107 294 107 90 107 90 105 294 90 105 107 107 121 121 90 105 107 105 294 90 121 90 105 294 90 107 105 105 90 121 311 105 121 105 90 294 105 105 107 90 311 121 294 311 107 90 107 107 107 107 90 121 311 311 311 294 121 90 311 121 121 311 107 121 311 105 105 105 311 107 121 121 90 107 294 121 90 90 121 107
294 294 294 105 105 107 107 107 121 107 107 311 121 294 311 121 121 294 121 105 105 107 105 121 90 90 294 311 107 311 121 294 105 121 121 294 107 311 107 121 107 107 311 311 311 294 90 294 311 90 105 90 294 90 311 90 311 294 311 121 90 294 294 311 311 121 90 294 311 107 90 90 107 294 90 90 90 121 90 90 105 107 311 107 311 294 90 90 105 107 311 294 105 294 311 311 121 90 107 121
311 107 121 121 294 294 311 105 294 90 311 311 105 311 107 107 121 121 121 90 107 121 105 294 121 311 90 107 311 105 121 105 107 90 107 121 294 294 121 105 311 311 105 105 311 90 90 105 121 311 121 105 294 311 121 90 294 90 121 121 121 107 105 121 105 107 294 105 311 311 311 121 107 121 311 121 90 90 311 105 311 121 90 311 105 121 90 294 121 311 294 121 107 90 107 311 311 294 294 105
311 105 311 105 121 107 107 90 294 294 107 311 105 105 105 90 121 105 121 105 105 105 90 294 107 294 121 105 90 105 294 105 311 311 121 121 311 90 107 294 311 90 121 107 105 294 90 107 294 311 121 107 90 90 105 105 107 107 90 311 105 311 90 311 107 107 90 90 107 294 294 105 294 105 90 121 90 90 294 121 107 105 121 90 90 105 107 294 107 311 121 90 90 105 107 121 294 311 294 90
105 311 121 105 107 311 105 90 107 294 294 90 311 105 294 294 311 294 311 294 121 107 311 121 311 311 121 294 90 311 105 107 107 294 121 105 90 121 105 105 90 105 90 311 121 107 311 121 90 311 90 90 90 311 90 105 105 311 107 121 105 105 311 105 105 107 107 121 105 311 311 294 90 121 107 121 107 105 121 311 311 107 107 90 121 121 121 90 90 311 107 121 105 90 311 107 294 105 294 105
107 107 107 90 107 90 90 105 294 294 294 311 90 90 311 311 121 294 311 105 294 90 107 311 107 294 105 121 105 294 105 107 107 121 90 294 121 90 311 294 105 121 105 121 105 294 105 294 105 105 121 90 311 311 107 294 90 311 121 294 107 105 311 121 121 311 121 294 311 294 105 121 294 107 107 311 121 121 294 294 90 90 105 90 90 105 121 311 105 90 90 311 311 105 311 294 121 105 311 311
105 107 107 294 90 90 107 121 105 294 311 294 311 294 294 294 90 107 107 294 105 311 90 294 294 294 107 105 107 90 121 90 105 90 105 107 105 90 105 107 294 90 105 294 121 90 90 107 311 107 311 107 105 90 90 311 107 121 107 105 90 107 294 294 105 90 90 90 121 90 90 107 107 311 105 294 105 294 105 105 90 311 107 107 107 311 294 107 105 121 90 121 90 311 105 121 294 311 105 107
294 107 90 121 121 105 107 311 105 107 121 107 121 105 121 90 311 90 107 121 90 294 105 90 90 294 90 121 311 107 107 121 107 121 90 105 294 107 90 105 294 105 90 90 105 105 90 294 107 107 294 121 90 90 121 121 311 294 90 90 90 294 105 90 90 105 90 311 105 294 294 294 105 294 294 90 105 121 121 121 107 121 107 121 90 121 105 311 105 294 311 90 107 311 294 105 311 121 121 294
90 121 294 90 107 121 294 90 294 107 121 90 294 294 107 121 311 107 107 107 311 311 294 311 107 107 90 105 107 90 107 121 105 107 105 294 294 121 90 121 121 90 121 294 311 90 294 294 107 90 121 294 105 311 105 107 107 311 311 90 107 90 311 105 107 294 90 311 121 311 294 107 121 311 294 311 107 311 294 90 105 105 121 90 311 294 294 105 105 107 105 294 311 311 311 105 105 90 294 121
105 105 105 121 90 105 294 121 121 294 90 294 311 90 121 107 90 294 294 311 90 107 294 90 311 311 107 121 294 121 294 121 121 105 311 294 90 121 90 90 105 121 294 90 105 107 311 107 121 294 107 311 294 294 105 105 105 105 294 90 121 105 90 90 294 294 294 90 107 121 121 121 107 105 90 294 311 311 311 107 311 311 105 107 311 90 311 107 294 121 105 105 121 294 121 105 105 90 311 121
294 121 311 105 107 294 121 90 294 294 105 107 107 105 90 294 107 294 294 311 90 311 90 105 105 107 105 105 107 121 311 294 90 121 105 121 311 294 90 121 121 105 294 311 105 311 294 105 294 311 121 121 107 311 90 311 121 90 90 105 90 105 105 121 294 105 107 311 311 90 107 311 90 121 121 105 294 90 121 90 107 294 311 294 90 105 121 105 121 294 311 121 294 311 107 311 311 107 90 90
294 107 105 107 121 311 90 105 294 90 105 311 121 107 311 90 121 90 121 90 294 107 294 311 107 105 294 107 294 311 121 294 121 311 311 294 90 311 294 294 294 107 121 294 311 311 105 105 107 121 90 105 294 294 311 107 311 107 121 107 311 121 294 105 311 294 121 121 294 294 311 90 105 107 105 105 294 90 121 311 311 90 105 294 294 294 294 105 105 90 311 107 90 90 311 121 90 90 105 90
105 107 121 90 107 121 311 90 90 121 121 90 105 311 90 107 311 311 107 311 107 105 121 107 121 90 294 311 105 90 105 105 121 294 90 107 121 107 311 107 107 90 294 311 105 294 311 105 107 107 121 105 107 107 105 107 311 311 107 311 121 121 105 294 294 294 90 294 107 105 90 121 105 105 121 311 90 105 90 294 294 121 121 107 90 121 294 121 90 90 294 294 107 311 311 311 294 294 294 107
107 121 294 311 121 121 105 294 105 294 294 105 294 294 107 107 90 294 294 311 105 294 107 311 105 90 294 107 294 121 294 105 105 105 311 121 121 90 121 105 105 105 107 294 121 105 105 107 105 311 311 121 90 90 294 121 121 121 90 90 107 121 121 121 311 294 105 121 311 105 121 121 311 107 90 107 311 311 105 121 121 90 294 294 107 294 121 90 105 107 294 294 121 294 105 121 121 311 107 105
121 105 311 121 311 121 90 121 90 107 294 311 121 90 105 107 105 294 107 107 311 105 294 294 90 294 107 311 294 105 311 90 105 105 107 311 294 90 105 107 107 294 294 121 90 107 121 105 121 121 90 107 311 105 107 90 105 311 294 105 121 121 294 121 294 105 107 311 311 311 311 107 105 121 107 90 107 294 121 107 107 107 90 121 105 105 90 90 107 294 90 90 121 105 121 311 107 121 107 107
294 311 121 121 311 90 294 311 107 90 105 90 107 107 90 107 90 105 105 90 107 121 105 294 107 107 107 121 294 294 311 121 105 311 121 121 121 105 121 294 107 107 311 105 90 90 311 90 107 107 90 107 311 294 105 90 294 121 121 294 121 90 311 90 105 107 294 107 311 121 311 107 121 121 294 107 294 121 105 90 121 105 121 90 294 105 105 105 105 107 311 105 107 90 311 107 90 105 121 107
90 294 294 90 294 90 311 311 105 105 294 105 107 311 294 311 121 107 294 105 121 90 294 294 107 294 121 105 121 121 121 294 105 121 121 311 311 105 121 294 311 105 311 121 311 105 90 107 311 311 90 107 90 105 90 90 107 107 121 121 294 90 121 105 90 121 105 107 90 121 90 294 294 107 107 90 90 105 294 121 107 294 90 105 311 105 90 294 105 121 107 107 121 311 90 294 107 107 90 294
107 121 107 121 311 121 107 311 107 107 105 311 107 107 105 294 105 105 107 90 105 105 90 121 121 311 105 294 121 294 121 294 311 90 90 105 105 105 121 121 105 311 107 121 311 311 107 121 90 107 294 90 105 105 90 294 311 311 107 105 105 311 107 294 90 121 311 105 107 90 90 90 311 121 294 311 121 294 105 311 90 90 311 294 107 90 90 107 121 90 294 107 90 294 294 311 121 90 294 90
121 121 105 107 294 121 107 107 107 121 311 311 294 311 107 311 107 107 294 107 121 294 294 121 121 90 121 294 311 107 121 105 294 107 107 107 311 294 107 107 107 121 294 294 121 311 294 107 107 107 105 90 107 105 90 311 90 311 294 294 121 107 105 121 107 107 107 311 107 121 294 121 311 294 105 107 294 105 90 294 107 311 107 105 311 121 311 105 105 107 105 311 107 90 105 121 311 105 107 107
90 294 294 107 121 311 107 105 294 294 311 107 107 294 294 107 105 294 294 121 107 121 90 90 90 294 121 294 105 121 105 311 294 121 294 90 107 107 311 105 311 294 121 294 294 90 311 121 121 90 107 107 294 294 294 107 311 311 90 105 294 90 311 121 90 121 311 121 294 311 105 105 311 90 311 90 311 90 90 294 121 294 90 107 105 121 294 107 294 90 294 294 311 294 121 90 107 311 294 105
311 311 121 121 311 107 121 90 294 90 311 294 311 311 90 105 107 107 311 121 121 121 105 90 107 105 90 107 121 311 121 90 107 294 121 90 294 107 90 121 107 121 121 105 107 107 311 105 121 294 294 90 105 294 121 294 294 311 105 90 90 107 121 105 105 121 294 107 105 311 311 311 294 90 311 105 121 90 107 90 311 311 121 294 105 311 105 90 294 311 105 105 121 294 294 294 105 294 311 294
105 294 294 311 107 311 107 105 121 121 107 90 105 105 105 121 107 105 90 294 294 294 121 90 311 294 121 121 105 105 311 105 294 90 107 90 90 294 311 90 105 105 105 121 107 121 294 294 90 294 105 105 311 90 121 105 105 294 107 90 105 107 107 311 105 121 105 105 294 105 121 105 105 105 294 90 311 121 294 107 105 311 294 311 105 107 311 121 121 107 107 90 294 294 311 107 294 311 107 90
107 311 294 90 107 294 105 311 107 90 294 107 121 311 90 90 311 294 294 105 294 294 294 105 294 90 121 105 105 294 294 107 105 90 105 311 107 90 90 107 121 311 311 105 107 107 105 294 90 294 294 121 105 121 311 105 107 105 294 107 121 107 311 107 121 294 107 107 121 294 90 107 105 311 107 121 294 107 107 311 105 121 294 294 121 90 107 90 294 90 294 90 90 294 294 121 121 311 311 105
121 107 311 105 121 107 105 294 105 121 311 90 311 311 90 311 121 121 105 294 105 105 107 121 90 294 294 311 294 311 105 90 294 311 121 105 107 105 121 105 121 294 105 294 90 311 294 105 294 90 121 121 105 294 294 105 107 311 294 121 121 105 294 294 294 90 107 121 90 90 311 294 311 311 311 311 105 107 311 107 90 294 105 311 107 107 105 105 311 107 105 107 90 311 90 294 105 121 294 311
107 90 311 90 311 294 90 121 121 90 105 105 311 294 121 294 311 107 294 90 311 107 121 105 107 294 105 294 90 105 107 105 311 105 107 90 121 90 107 311 121 90 90 294 311 121 107 294 90 105 90 90 121 294 90 294 121 311 121 311 107 90 90 105 105 105 105 90 294 121 294 105 294 294 121 294 105 105 105 121 121 105 107 107 90 90 121 311 121 121 105 105 121 107 107 90 105 121 121 121
121 121 121 121 294 90 90 105 311 311 105 294 90 107 121 311 90 294 90 90 90 105 294 294 294 294 107 294 311 107 121 107 121 294 107 105 107 294 90 107 105 105 90 121 105 121 105 311 121 90 90 107 121 90 90 90 311 311 121 90 105 105 105 121 311 90 90 105 121 107 107 107 311 294 121 121 121 107 105 121 311 107 105 294 121 90 105 121 107 90 107 90 105 107 311 311 107 90 90 105
90 90 107 294 105 121 121 105 105 105 107 90 90 105 311 105 105 121 105 90 121 311 90 90 121 105 105 294 121 90 90 105 90 311 107 105 294 311 105 311 90 121 294 90 90 90 90 90 107 311 90 311 107 121 121 90 121 107 121 311 90 90 294 90 107 121 105 294 90 105 121 107 311 294 107 90 294 121 105 121 294 107 105 311 311 311 294 121 294 90 107 311 294 311 90 294 311 294 294 105
105 107 311 121 294 90 311 311 121 294 105 294 107 311 294 294 107 121 294 294 105 294 294 311 311 121 311 107 294 105 294 107 294 105 90 311 107 121 107 90 121 90 107 90 107 121 105 294 90 311 294 90 121 107 311 90 121 121 121 105 294 294 90 121 311 90 121 121 294 311 107 105 311 90 311 121 107 107 107 311 105 105 121 121 121 107 107 311 311 311 90 90 105 294 105 90 121 311 90 90
107 105 121 121 121 121 107 90 107 311 294 121 294 311 121 294 311 121 105 105 107 105 107 105 294 105 105 121 121 121 121 105 105 311 107 107 105 294 294 90 311 105 294 121 105 311 121 294 311 90 294 107 121 105 294 294 121 105 107 90 90 107 105 105 311 121 90 294 294 121 105 105 311 90 107 121 90 90 107 121 107 90 121 107 294 294 90 90 121 107 311 105 90 311 294 121 121 311 107 90
294 294 294 105 105 90 107 121 107 311 90 90 107 105 294 121 90 90 311 107 294 121 311 107 294 90 105 294 311 90 121 311 294 311 90 90 294 105 105 294 311 294 311 294 105 121 311 311 294 121 121 121 107 107 311 294 311 90 121 294 311 294 105 105 90 105 105 90 311 311 105 121 311 121 121 294 90 121 121 121 311 90 311 294 105 105 105 107 105 311 121 311 90 105 121 311 105 294 311 105
90 105 90 121 311 311 121 294 105 311 107 294 294 294 311 107 121 107 107 294 121 121 311 121 107 294 121 121 90 107 105 121 90 121 311 311 294 105 311 107 121 107 121 107 294 107 294 90 294 105 90 121 107 107 311 311 107 121 105 90 105 90 105 105 294 294 107 311 105 311 294 105 107 311 294 105 311 121 105 121 294 311 294 311 90 121 105 90 294 311 294 294 311 121 121 311 105 294 294 90
294 107 121 311 105 107 105 90 311 105 311 294 294 121 294 121 105 121 105 121 121 121 90 107 121 294 311 121 311 107 105 311 311 121 121 105 90 90 294 121 294 294 105 121 121 90 311 121 105 107 105 294 90 105 105 105 311 311 121 107 107 311 294 294 121 311 311 294 107 90 105 105 294 294 90 121 107 90 107 107 90 105 311 107 105 311 105 294 107 105 121 107 107 107 311 90 311 121 105 90
121 121 294 121 121 107 294 90 121 311 107 90 121 107 294 294 311 107 311 294 311 121 294 105 107 105 107 294 121 294 90 121 294 294 105 90 107 105 294 107 121 294 311 90 294 121 90 90 90 107 294 121 121 294 107 105 311 105 311 107 107 121 311 311 294 90 294 107 311 294 121 311 121 90 107 294 105 294 121 311 311 294 107 311 107 90 90 90 105 105 121 107 105 90 121 311 294 311 121 121
121 311 121 294 311 311 121 311 107 90 90 294 294 121 121 121 121 90 107 294 121 311 105 121 294 121 105 311 90 105 90 311 311 121 294 311 121 121 294 294 294 311 90 105 105 90 294 294 107 311 105 105 90 121 121 121 294 105 105 121 105 311 311 90 90 311 311 121 294 105 121 90 90 311 107 105 121 121 90 311 107 294 121 121 294 311 107 294 294 294 311 107 294 311 311 105 105 107 294 311
90 105 90 121 121 105 107 311 107 311 311 311 107 294 105 90 121 121 90 107 90 105 121 90 90 121 105 105 105 90 107 105 105 90 311 294 90 107 311 294 311 105 90 107 107 311 311 311 121 294 90 294 105 311 311 121 294 107 311 105 90 294 311 107 311 107 121 121 105 90 107 90 311 105 107 107 107 294 311 294 107 107 311 294 311 121 105 121 311 121 90 121 311 121 294 294 294 107 107 121
107 311 121 107 107 294 105 311 90 121 121 294 121 105 90 121 121 105 121 121 107 90 294 107 121 90 107 311 311 121 311 121 121 90 90 90 311 121 121 90 294 121 121 90 311 121 311 121 107 105 294 294 311 311 90 107 105 90 107 107 294 90 90 107 121 107 311 311 107 294 121 311 311 107 107 121 311 311 294 294 311 311 294 294 121 294 90 107 311 311 121 107 121 90 121 294 105 105 105 105
311 294 294 105 121 294 105 90 90 107 105 105 294 311 90 121 105 311 311 121 105 294 294 105 121 311 105 105 105 90 121 90 294 294 107 121 121 294 107 121 121 311 294 311 294 90 90 294 294 105 105 90 311 90 294 294 294 90 311 105 107 90 121 105 121 105 121 121 90 294 311 105 294 121 107 107 90 121 107 294 311 107 105 121 311 90 121 107 311 90 107 294 90 311 107 121 107 294 90 107
294 294 294 105 311 294 294 107 90 107 121 90 121 294 311 105 90 311 294 90 294 121 311 311 90 107 294 90 294 105 107 121 294 90 90 121 121 90 294 107 105 90 294 121 107 107 90 90 294 294 107 294 105 107 107 311 107 90 121 107 90 90 105 105 294 105 311 90 311 294 294 107 90 311 90 311 294 294 105 121 121 90 105 107 121 105 105 105 90 121 311 107 311 107 107 121 105 311 107 294
107 311 311 90 105 105 121 121 107 90 105 105 311 90 90 294 105 105 90 121 121 311 105 121 105 90 90 107 294 107 121 90 311 90 294 311 107 107 105 90 311 105 121 121 294 121 107 105 121 105 121 121 107 90 90 294 105 311 311 294 107 121 311 107 294 294 90 105 294 311 107 105 105 294 311 107 90 90 311 294 105 107 311 311 121 121 294 107 90 311 294 107 107 105 107 121 107 105 121 107
105 294 121 121 311 294 90 105 90 311 105 311 90 107 311 105 311 107 311 121 105 311 121 107 294 90 107 294 107 121 121 121 311 294 121 90 105 121 107 105 294 294 311 311 294 107 311 294 311 90 105 121 311 107 107 107 294 107 311 311 107 311 294 294 105 294 311 294 311 121 105 90 105 294 311 90 311 90 107 107 121 311 105 294 311 105 105 311 294 311 107 90 105 311 294 294 121 294 107 311
311 294 294 90 121 311 107 90 311 294 90 311 294 311 107 294 311 294 121 311 90 311 107 294 311 107 311 311 121 105 121 105 90 105 90 121 90 105 107 294 90 294 90 294 121 105 90 294 90 105 105 121 107 105 105 105 121 311 121 107 294 121 105 90 294 107 311 311 90 311 294 121 121 105 121 311 121 105 294 311 294 311 121 121 311 311 121 294 311 107 105 107 107 294 105 105 90 311 107 311
107 294 311 121 105 294 107 121 107 90 311 121 105 105 294 105 294 90 311 121 294 311 121 105 121 105 105 107 105 90 121 121 90 105 105 90 105 121 294 105 105 105 90 105 105 121 121 105 121 90 90 311 311 121 311 90 105 105 107 294 121 294 105 107 90 105 90 121 311 294 90 107 294 107 311 121 105 294 90 107 121 105 121 107 105 294 107 121 311 107 311 311 90 294 121 294 105 311 294 311
121 294 294 294 105 107 90 90 107 107 294 90 107 311 105 90 90 105 105 311 105 90 311 107 107 105 90 90 107 90 311 107 90 311 294 311 105 121 107 105 121 121 311 121 107 294 107 294 294 107 107 121 90 107 90 90 311 294 294 105 105 294 105 90 107 105 105 121 294 294 121 311 105 107 107 105 121 107 107 105 107 107 121 311 107 121 121 294 107 121 90 311 105 90 121 294 90 90 121 121
105 294 121 311 105 121 121 294 294 311 294 105 105 90 90 294 105 105 107 294 294 107 105 294 90 105 90 311 294 294 121 105 107 105 90 311 311 294 121 294 121 311 105 90 311 121 107 311 105 294 105 311 107 105 121 107 107 90 121 105 121 121 107 121 121 311 311 294 90 311 121 105 121 294 294 311 105 107 121 294 90 311 107 311 90 90 121 90 90 311 311 294 90 105 121 294 311 107 90 311
311 294 105 294 311 121 311 105 107 90 311 105 294 294 105 90 294 90 311 90 311 105 107 90 294 105 311 294 294 294 107 121 107 294 121 107 294 107 105 311 107 90 311 294 107 121 121 105 107 294 105 121 294 121 121 105 311 294 294 121 294 311 121 311 107 107 121 105 107 107 311 107 105 121 105 105 107 107 107 105 107 311 121 311 311 311 105 294 121 107 294 105 90 107 311 90 105 90 294 121
121 311 121 105 121 90 311 107 294 90 107 311 121 121 311 311 107 294 107 121 105 121 311 311 294 294 121 311 107 121 311 311 90 107 105 90 311 311 294 107 107 121 90 294 311 105 90 121 294 121 294 105 121 294 107 107 107 107 90 105 294 107 311 121 105 294 294 311 311 294 90 311 311 90 121 107 90 311 294 311 90 105 121 121 107 311 294 90 107 107 107 90 107 90 311 105 107 311 311 121
90 107 105 121 105 107 105 294 311 294 294 294 294 90 311 294 90 107 311 121 105 121 90 90 121 105 105 294 90 105 107 90 294 105 107 294 294 121 121 105 294 121 311 107 121 105 107 294 90 90 121 105 311 90 107 311 311 105 311 105 311 311 105 105 121 105 107 105 105 105 121 105 294 311 121 121 121 311 90 121 121 294 107 294 294 311 294 105 294 311 105 105 311 90 121 90 90 105 90 107
121 107 107 105 121 121 311 107 311 294 294 105 90 90 90 121 311 121 107 105 90 105 311 294 294 294 311 107 107 90 121 294 107 90 311 107 121 90 90 121 294 121 294 294 311 90 107 107 121 90 107 105 90 90 105 294 294 294 90 294 294 294 90 107 311 121 107 294 294 107 90 105 105 294 105 311 311 121 294 105 294 311 121 311 121 107 294 121 90 107 90 121 121 294 121 90 107 105 121 311
90 121 90 90 121 107 107 90 311 90 90 105 105 90 90 121 90 311 107 107 105 90 294 294 107 105 105 311 121 294 294 107 105 294 294 121 294 107 311 121 105 105 311 311 311 311 90 107 294 105 90 105 294 107 90 105 107 107 107 294 107 90 90 294 294 294 294 107 121 107 311 311 107 294 90 121 311 311 294 107 294 121 311 294 311 311 107 311 294 311 121 90 90 105 294 311 107 311 294 105
294 105 294 311 105 121 107 294 121 90 294 107 121 107 105 294 105 311 121 90 107 121 311 90 121 90 121 105 90 294 294 311 105 121 121 294 105 105 294 90 105 105 121 294 311 311 121 311 90 294 121 294 311 311 105 311 90 105 105 294 105 294 121 90 90 105 90 294 311 294 294 90 105 311 90 294 105 105 311 294 105 105 121 107 121 90 90 121 294 294 105 294 311 105 311 294 294 121 107 105
105 294 90 105 294 107 121 105 294 121 121 311 107 294 121 121 107 107 294 105 294 294 311 311 105 311 105 90 90 105 90 294 105 90 294 107 121 121 107 294 107 311 107 105 105 311 107 294 311 121 294 90 107 121 121 107 90 311 311 311 105 90 90 90 107 294 311 294 311 90 294 90 294 294 107 107 294 121 311 294 107 105 90 294 294 107 294 121 105 294 107 90 105 90 90 121 105 311 105 121
121 311 107 107 294 107 105 105 311 311 105 107 105 311 121 105 105 90 311 90 105 294 105 105 311 294 311 294 105 105 107 311 294 311 105 105 294 105 311 105 90 294 121 90 294 107 121 105 294 311 90 107 294 294 294 294 121 311 105 121 105 90 294 90 121 107 294 311 311 105 294 294 311 311 107 121 107 121 311 311 311 90 90 107 107 90 294 121 121 294 105 311 121 90 294 105 294 121 107 107
311 107 311 311 121 294 294 121 107 107 294 121 90 121 107 107 105 311 294 90 311 90 90 105 105 90 90 107 311 294 90 121 90 311 107 121 121 90 121 107 294 90 121 90 107 90 311 107 311 107 105 107 105 105 90 105 90 121 294 294 90 90 107 107 107 90 107 311 121 121 311 294 311 107 311 90 107 311 311 311 311 121 121 311 294 294 107 311 311 105 90 294 311 105 105 105 105 294 121 90
294 105 294 121 294 107 121 121 121 121 107 107 105 90 121 294 311 311 90 107 311 105 105 107 121 311 107 90 294 90 294 90 294 121 121 107 121 311 294 311 121 107 294 90 105 311 294 311 105 311 311 294 121 121 121 294 90 294 90 311 105 294 121 107 90 294 90 105 311 121 294 311 105 90 105 311 90 121 294 294 90 107 107 90 311 311 105 107 105 294 105 311 90 90 121 90 294 311 311 90
294 121 294 107 294 311 121 121 311 107 294 121 294 105 105 107 90 294 90 107 107 107 90 90 90 90 107 90 105 105 105 121 311 107 311 107 107 121 90 311 311 107 107 311 105 121 107 121 90 311 294 90 107 311 294 294 121 121 107 121 90 105 294 90 90 121 90 294 90 105 294 107 294 90 107 90 294 294 107 105 105 294 105 107 311 107 90 105 107 90 311 311 107 105 121 121 107 294 294 311
311 90 294 121 121 107 311 294 90 121 90 311 90 90 311 105 311 90 294 121 107 90 311 105 311 107 90 121 311 121 105 121 311 121 311 311 121 311 105 311 311 121 121 107 105 107 294 105 311 121 90 121 294 121 311 90 311 294 90 107 90 105 311 90 294 294 105 311 107 294 107 90 107 90 105 294 294 107 90 107 105 107 90 311 105 105 105 107 311 294 294 311 90 107 105 121 105 107 107 121
90 294 105 294 90 311 311 105 105 107 105 107 90 107 105 105 121 121 121 311 107 294 90 294 90 105 294 107 90 105 107 90 105 311 294 294 294 107 121 107 107 90 107 107 107 121 90 107 294 107 105 105 90 105 311 105 311 107 294 121 105 121 90 90 294 90 107 107 105 294 107 311 121 105 311 90 294 107 107 294 90 311 105 294 121 90 90 294 294 121 121 121 107 90 294 294 107 107 107 294
105 294 121 294 121 294 105 90 107 105 121 121 294 107 121 107 311 90 121 294 105 107 105 107 121 294 311 105 90 294 311 311 107 311 105 90 311 311 311 294 311 90 294 121 90 105 294 105 311 311 105 121 311 107 311 294 107 90 294 311 105 121 107 121 107 311 294 294 107 105 294 107 311 121 107 105 90 90 90 107 311 294 311 90 90 121 90 121 90 90 121 105 294 311 294 90 107 311 105 294
90 105 107 294 294 311 90 107 121 121 105 105 90 107 121 121 311 107 294 107 105 105 311 121 294 105 107 90 311 294 105 90 107 311 107 311 90 107 311 311 121 105 90 311 121 294 90 311 121 90 121 294 90 107 294 121 294 107 121 105 90 294 90 121 107 311 107 107 311 121 107 121 121 311 311 311 311 107 90 121 294 294 294 105 107 311 105 294 294 107 90 121 311 90 90 90 121 294 311 121
107 121 90 121 90 121 105 294 311 105 107 121 121 311 90 90 311 107 121 90 105 294 107 105 90 105 107 105 121 121 107 294 105 121 107 311 105 294 311 294 105 121 105 311 107 311 90 90 90 105 90 107 294 294 294 294 311 107 107 311 105 121 107 90 121 121 105 105 90 121 121 121 121 90 105 90 107 294 294 311 294 294 90 105 311 311 107 107 121 107 90 311 107 105 294 105 105 294 105 311
